FPGALink Python Example Copyright (C) 2011-2012 Chris McClelland

Attempting to open connection to FPGALink device 1443:0007...
Loading firmware into 1443:0007...
Awaiting renumeration...
Attempting to open connection to FPGALink device 1443:0007 again...
The FPGALink device at 1443:0007 scanned its JTAG chain, yielding:
  0x44008093
  0x00000000
  0x00000000
  0x00000000
  0x00000000
  0x00000000
  0x00000000
  0x00000000
  0x00000000
  0x00000000
  0x00000000
  0x00000000
  0x00000000
  0x00000000
  0x00000000
  0x00000000
Playing "../../hdl/fx2/vhdl/ex_cksum-me_compToFPGA/top_level/default.xsvf" into the JTAG chain on FPGALink device 1443:0007...
_____ DISP ROW =  69  _____
begin template read
42 154 94 82 60 79 78 80 81 83 84 85 85 70 30 31 57 73 69 74 78 

43 155 99 85 61 79 78 78 83 83 85 86 83 73 36 31 56 72 72 77 81 

43 159 104 85 60 78 77 79 81 83 84 86 88 78 40 30 58 77 73 77 79 

begin search read
25 78 88 123 119 128 125 107 80 65 79 78 84 82 85 86 88 86 76 32 29 

15 74 89 132 125 132 128 112 81 66 80 78 82 82 85 85 90 85 78 41 30 

34 71 88 131 127 135 131 113 80 65 78 76 84 83 85 87 89 88 83 44 30 

reading from sad array  0
255 255 255 255 255 255 255 20 255 255 255 255 255 255 255 255 

reading from sad array  1
255 255 255 255 240 130 248 255 255 255 255 255 255 255 247 254 

reading from sad array  2
255 255 255 255 227 61 168 167 149 137 126 130 134 132 93 117 

reading from sad array  3
255 255 255 255 180 27 116 80 100 91 101 111 115 102 182 226 

reading from disparity array
7 5 5 5 



_____ DISP ROW =  70  _____
begin template read
43 155 99 85 61 79 78 78 83 83 85 86 83 73 36 31 56 72 72 77 81 

43 159 104 85 60 78 77 79 81 83 84 86 88 78 40 30 58 77 73 77 79 

43 159 102 85 60 79 78 78 80 82 84 87 90 79 41 32 59 81 70 73 78 

begin search read
15 74 89 132 125 132 128 112 81 66 80 78 82 82 85 85 90 85 78 41 30 

34 71 88 131 127 135 131 113 80 65 78 76 84 83 85 87 89 88 83 44 30 

36 65 83 121 123 131 131 114 81 66 80 78 84 82 84 84 90 90 85 45 32 

reading from sad array  0
255 255 255 255 255 255 255 37 255 255 255 255 255 255 255 255 

reading from sad array  1
255 255 255 255 244 130 255 255 255 255 255 255 255 255 255 255 

reading from sad array  2
255 255 255 255 230 63 178 176 159 144 136 134 142 145 109 102 

reading from sad array  3
255 255 255 255 184 31 119 82 103 89 101 109 118 108 179 204 

reading from disparity array
7 5 5 5 



_____ DISP ROW =  71  _____
begin template read
43 159 104 85 60 78 77 79 81 83 84 86 88 78 40 30 58 77 73 77 79 

43 159 102 85 60 79 78 78 80 82 84 87 90 79 41 32 59 81 70 73 78 

42 158 101 85 60 77 80 79 81 83 83 87 92 78 39 34 63 82 72 76 79 

begin search read
34 71 88 131 127 135 131 113 80 65 78 76 84 83 85 87 89 88 83 44 30 

36 65 83 121 123 131 131 114 81 66 80 78 84 82 84 84 90 90 85 45 32 

32 58 73 108 113 127 130 111 82 65 80 78 84 81 84 85 90 91 84 44 34 

reading from sad array  0
255 255 255 255 255 255 255 42 255 255 255 255 255 255 255 255 

reading from sad array  1
255 255 255 255 251 127 255 255 255 255 255 255 255 255 255 248 

reading from sad array  2
255 255 255 255 231 59 181 180 164 144 137 139 146 154 124 88 

reading from sad array  3
255 255 255 255 184 32 121 87 107 88 104 113 127 121 187 188 

reading from disparity array
7 5 5 5 



_____ DISP ROW =  72  _____
begin template read
43 159 102 85 60 79 78 78 80 82 84 87 90 79 41 32 59 81 70 73 78 

42 158 101 85 60 77 80 79 81 83 83 87 92 78 39 34 63 82 72 76 79 

40 146 96 83 61 77 78 79 81 81 85 86 90 76 28 29 63 85 75 76 80 

begin search read
36 65 83 121 123 131 131 114 81 66 80 78 84 82 84 84 90 90 85 45 32 

32 58 73 108 113 127 130 111 82 65 80 78 84 81 84 85 90 91 84 44 34 

24 56 65 93 102 114 121 111 80 65 79 78 84 82 85 86 89 94 85 36 29 

reading from sad array  0
255 255 255 255 255 255 255 22 255 255 255 255 255 255 255 255 

reading from sad array  1
255 255 255 255 255 128 240 255 255 255 255 255 255 255 255 221 

reading from sad array  2
255 255 255 255 228 62 171 170 150 132 127 132 138 154 125 83 

reading from sad array  3
255 255 255 255 182 31 118 86 102 87 102 114 134 131 203 197 

reading from disparity array
7 5 5 5 



_____ DISP ROW =  284  _____
begin template read
25 14 11 15 13 13 14 13 13 13 13 14 14 13 12 13 15 18 20 21 22 

28 14 11 13 13 14 14 13 13 14 13 13 16 13 15 14 16 18 21 21 22 

31 14 10 14 13 13 14 14 13 14 14 12 15 13 14 13 16 16 21 21 23 

begin search read
24 15 11 12 12 11 13 12 12 13 12 11 14 14 14 12 16 12 13 12 14 

28 14 9 12 12 12 13 12 13 13 13 12 15 13 13 11 14 13 15 12 13 

34 15 11 13 12 10 12 13 12 13 13 12 14 13 14 12 14 14 13 14 14 

reading from sad array  0
9 56 62 54 63 60 56 59 56 52 64 58 52 48 62 58 

reading from sad array  1
10 22 18 11 20 14 13 16 16 10 20 10 18 6 22 14 

reading from sad array  2
11 17 14 7 13 10 9 15 17 7 15 13 21 7 17 15 

reading from sad array  3
15 14 13 9 8 7 9 11 13 7 9 9 15 5 9 11 

reading from disparity array
0 13 3 13 



_____ DISP ROW =  285  _____
begin template read
28 14 11 13 13 14 14 13 13 14 13 13 16 13 15 14 16 18 21 21 22 

31 14 10 14 13 13 14 14 13 14 14 12 15 13 14 13 16 16 21 21 23 

17 6 5 6 7 6 6 7 7 7 8 7 7 7 7 6 8 9 11 11 12 

begin search read
28 14 9 12 12 12 13 12 13 13 13 12 15 13 13 11 14 13 15 12 13 

34 15 11 13 12 10 12 13 12 13 13 12 14 13 14 12 14 14 13 14 14 

19 7 5 5 6 6 6 6 6 5 6 6 9 7 6 6 7 7 7 6 7 

reading from sad array  0
10 53 59 52 57 56 53 53 54 51 60 57 48 47 57 56 

reading from sad array  1
8 16 13 8 13 10 10 9 12 11 18 11 14 6 15 13 

reading from sad array  2
9 12 11 6 9 9 8 9 14 9 16 11 13 6 12 15 

reading from sad array  3
11 10 9 6 6 5 6 9 10 7 8 6 9 5 6 10 

reading from disparity array
0 13 3 5 



0 2 2 3 
0 5 5 5 
0 5 5 9 
0 5 5 11 
0 5 5 11 
0 5 5 11 
0 5 5 11 
0 5 5 11 
0 5 5 11 
0 5 5 10 
0 5 5 10 
0 5 5 7 
0 5 5 11 
0 5 5 5 
0 5 5 5 
0 5 5 5 
0 5 5 5 
0 5 5 5 
0 0 5 5 
0 0 5 5 
0 5 5 5 
0 5 5 5 
0 5 5 5 
0 5 5 5 
0 5 5 5 
0 5 5 5 
0 5 5 5 
0 5 5 5 
0 5 5 5 
0 5 5 5 
0 0 5 5 
0 0 5 5 
0 0 5 5 
0 0 0 0 
0 0 0 5 
0 0 0 3 
0 0 0 0 
0 0 0 0 
0 0 0 0 
0 0 0 0 
0 0 0 0 
0 0 0 5 
0 0 0 5 
0 0 5 5 
0 0 0 5 
0 0 0 5 
0 0 0 5 
0 0 2 0 
0 0 2 2 
0 0 2 2 
0 0 0 2 
0 0 0 0 
0 0 0 0 
0 0 0 3 
0 0 0 3 
0 0 3 4 
0 0 5 5 
0 0 5 5 
0 0 5 5 
0 0 5 5 
0 15 5 5 
0 15 5 5 
0 15 5 5 
0 5 5 5 
0 5 5 5 
0 5 5 5 
0 5 14 5 
0 5 5 5 
0 5 5 5 
7 5 5 5 
7 5 5 5 
7 5 5 5 
7 5 5 5 
2 5 5 5 
2 5 5 5 
2 5 5 5 
2 5 5 5 
2 6 5 5 
2 6 2 5 
2 6 3 5 
2 6 3 5 
2 6 3 5 
2 6 3 5 
2 6 3 5 
2 6 3 5 
2 6 3 5 
2 6 3 5 
2 6 3 5 
2 6 4 5 
5 6 4 5 
4 6 4 5 
2 6 4 5 
4 6 4 5 
2 6 4 5 
2 6 4 5 
2 4 4 5 
2 5 2 5 
2 5 3 5 
2 5 5 5 
2 5 4 5 
4 6 4 5 
4 6 4 5 
4 6 4 5 
2 5 5 5 
2 13 5 5 
2 7 5 5 
2 5 5 5 
4 5 5 5 
0 5 5 5 
0 5 5 5 
0 5 5 5 
0 5 5 5 
0 3 5 5 
0 5 5 5 
0 5 5 5 
0 6 5 5 
0 6 5 5 
0 5 5 5 
6 5 5 5 
6 5 5 5 
0 5 5 5 
0 5 5 5 
0 5 5 5 
0 5 5 5 
0 5 5 5 
0 5 5 5 
0 5 5 5 
0 5 5 5 
0 5 5 5 
0 5 5 5 
0 5 5 5 
0 5 5 5 
0 5 5 5 
0 5 5 5 
0 5 5 5 
0 5 5 5 
0 0 4 5 
0 0 5 5 
0 0 5 5 
0 0 5 5 
0 0 5 5 
0 0 5 5 
0 0 5 5 
0 0 0 5 
0 0 0 5 
0 0 0 5 
0 0 0 5 
0 0 0 5 
0 0 0 5 
0 5 5 5 
0 2 5 5 
0 2 5 5 
0 0 0 5 
0 0 0 5 
0 0 0 5 
0 0 0 5 
0 0 0 5 
0 0 5 5 
0 0 5 5 
0 0 5 5 
0 0 5 5 
0 0 5 5 
0 0 5 5 
0 6 6 5 
0 6 6 5 
6 6 5 5 
1 6 5 5 
0 0 5 5 
0 0 5 5 
0 0 3 5 
0 0 3 5 
0 0 3 5 
0 0 5 5 
0 0 5 6 
0 0 5 5 
0 0 0 6 
0 0 0 6 
0 0 0 4 
0 0 6 4 
0 0 6 1 
0 0 6 1 
5 0 0 0 
2 2 6 1 
1 0 6 3 
1 0 6 4 
2 5 5 5 
13 5 5 5 
4 5 5 5 
5 5 5 5 
9 5 5 5 
0 6 5 5 
0 6 5 5 
0 3 5 4 
0 5 5 5 
0 5 5 5 
0 5 5 5 
0 5 1 5 
0 5 1 1 
0 5 1 1 
0 5 1 5 
0 5 5 5 
0 4 5 5 
0 0 5 5 
0 5 5 5 
0 0 5 5 
0 0 0 5 
0 0 0 5 
0 5 5 5 
0 0 0 1 
0 0 7 1 
0 0 4 1 
0 0 3 4 
0 0 4 3 
0 0 3 5 
0 0 5 5 
0 11 3 5 
0 0 5 6 
0 0 0 11 
0 0 0 11 
0 0 11 11 
0 0 11 11 
0 0 11 7 
0 0 15 7 
0 0 15 0 
0 15 15 4 
0 11 8 14 
0 13 13 14 
0 0 13 3 
0 0 0 1 
0 0 0 0 
0 0 0 0 
0 0 0 0 
0 0 0 0 
0 0 0 0 
0 0 0 1 
0 0 0 1 
0 11 0 1 
0 0 0 4 
0 0 0 4 
0 0 15 5 
0 0 0 0 
0 0 0 0 
0 0 0 0 
0 0 0 0 
0 0 0 4 
0 0 2 4 
0 0 3 4 
0 0 3 5 
0 0 0 5 
0 0 0 2 
0 0 0 5 
0 0 0 5 
0 0 0 5 
0 0 0 5 
0 0 0 3 
0 0 15 15 
0 0 0 15 
0 0 6 15 
0 0 6 5 
0 0 0 4 
0 0 0 15 
0 0 0 15 
0 0 0 5 
0 0 0 5 
0 0 0 5 
0 0 0 5 
0 0 0 5 
0 0 0 15 
0 0 0 5 
0 0 0 13 
0 15 0 13 
0 0 0 5 
0 0 0 5 
0 0 0 5 
0 0 0 5 
0 0 6 6 
0 0 0 6 
0 0 0 2 
0 0 0 12 
0 15 5 6 
0 7 5 6 
0 0 0 6 
0 0 0 14 
0 0 6 5 
0 13 3 13 
0 13 3 5 
