tsukubaright_bw.jpg JPEG 384x288 L
tsukubaleft_bw.jpg JPEG 384x288 L
width = 384
height =  288
begin template read
2 3 3 3 3 3 3 3 3 3 2 2 3 3 3 2 3 2 3 
2 4 4 4 4 4 4 4 4 4 4 4 5 3 4 3 5 3 4 
2 4 3 4 4 4 4 4 4 4 4 3 5 3 4 2 4 3 4  

begin search read
2 2 3 3 3 4 3 3 3 3 3 2 3 1 2 2 3 2 3 
2 4 4 4 4 4 4 4 4 4 4 4 5 3 4 3 5 3 4 
2 4 4 4 3 4 4 4 4 4 4 3 4 3 4 3 4 3 4 

reading from sad array 0
2 5 5 8 6 7 6 6 6 6 9 7 12 6 9 5 

reading from sad array 1
2 2 1 3 2 1 1 1 3 2 8 5 9 4 8 3 

mins of each row
[ 2  1  1  0  0  0  0  0  1  1  2  3  2  2  1  1  0  0  0  0  0  1  2  2  1  0  1  1  1  0  0  0  1  2  1  1  3  2  2  1  1  1  2  3  2  0  0  1  2  1  2  2  3  3  2  1  0  0  0  0  0  1  2  2  1  2  2  1  0  1  1  1  0  0  0  0  1  0  0  1  2  2  2  0  0  0  0  0  1  2  3  2  1  0  0  0  0  1  4  2  2  0  1  1  1  0  0  1  1  2  1  2  2  3  2  1  1  1  1  1  1  0  1  1  1  0  0  1  2  2  2  1  2  1  1  1  1  1  0  0  1  1  2  0  0  1  1  1  0  0  0  1  0  1  1  2  2  2  1  1  1  1  0  2  2  1  0  1  1  1  0  0  1  1  2  1  0  1  1  1  0  1  1  2  2  2  1  0  0  0  1  1  1  0  0  0  1  2  2  1  1  2  1  0  2  2  3  1  1  0  0  1  2  3  2  1  0  0  1  2  2  1  0  0  1  0  1  1  2  2  3  2  2  2  3  4  4  4  5  2  3  3 10 12 12 15 16 18  7  5  2  3  2  3  4  4  2  2  3  6 23 23 21 10  7  5  4  4  6  6  5  3  3  1  1  2  3  5  3  1  2  3  2  1  4  4  1  2  2  3  4  4  3  3  2  3  2  1  0  1  1  2  1  2  2  3  2  1  1  1  1  1  1  2  3  5  6  5  4  2  2  1  1  2  2  2  2  3  3  2  0  2  2  2  1  2  3  2  3  3  3  2  3  3  1  0  1  1  2  2  3  1  2  1  1  0  2  2  2  0  2  1  2  3  5  4  3]

indices of each min per row
[ 0  2  2  3  2  1  0  0  0  0  0  0  4  4  4  0  0  0  0  0  0  0  8  2 14 10 10 10 10 10  8  8 10  0 14  8  0  0  0  0  2  8  8  6  4  4  2  2  0  4  6  6  6  2  0  0  4  2  2  0  0  4  2 14  0 12 12 10 10  8  8  6  6  4  4  2  2  8  8  0  0  0  2  2  2  2  6  0  4  2  2  0  0  0  0  0 10 10  2  2  0  0  0  0  0  0 10 10 10 10  4  2  2  0  0  0  4  6 12 12 10 12  4  0  4 10  8  8  6  6  0  4  0  2  0  0 14 12 12 10  4  4  4  6  6  4  4  2  2 12 12  0 14 14 12  6  6  8  8  8  6  6 12  4  2  2  0  0  4  2 10 10  0  0  0 10 14  8 12  6 10  4  8  2  6  0  4  2  2  0  0  0  0  0  0  0  8  6  6  4  0  0  0  8  0 14  6 12  4 10  2  8  0  6  4  4  2  2  0  0  2  2  8  4  2  2  2  2  2  0  0  0  0  0  0  0  0  0  0  2  4  4  4  5  5  5  5  5  6  6 12 12  4  4  0  0  6  6  4  4  5  5  5  6  6  4  4  4  4  4  4  4  4  2  2  4  0  4  4  6  4  4  2  2  0 12 12 10  6  6  6  8  4  4  6  2  6  2  6  2 14  8  6  6 12  0  8  8 12  8 10 10 10  8 10  4  2  2  2  4  4  4  0  0  0  0  0  0  4  6 14 12  2  2 10  8  2  2  4  4  4  2  2  0  8 10 10  6 10 10  2  4  4  8  8  8  4  4  2  2  0  0  0  4  4  4  0]
