Disp row:  69
begin template read
42 154 94 82 60 79 78 80 81 83 84 85 85 70 30 31 57 73 69 74 78 77 81 81 85 77 25 5 14 15 22 21 21 23 23 18 17 19 26 74 110 77 102 76 16 20 15 22 41 98 77 86 87 35 16 16 20 28 85 107 85 100 68 8 16 10 11 11 11 11 12 12 13 14 19 20 43 109 87 92 103 37 17 16 14 21 30 94 111 99 97 54 12 17 10 10 37 38 2 21 79 61 2 15 20 47 74 39 128 82 94 112 108 106 107 105 106 105 65 1 19 10 14 13 14 13 14 11 13 14 16 12 14 16 39 36 14 14 15 15 15 52 150 112 129 123 121 115 110 74 53 98 0 42 95 94 96 91 72 15 23 18 26 26 32 42 49 59 81 110 92 79 65 54 91 100 84 72 53 36 61 28 78 85 75 51 23 17 15 19 35 15 15 13 13 15 48 80 77 73 59 40 32 49 77 65 90 92 89 54 58 80 112 29 115 90 92 87 98 89 88 71 38 21 74 69 85 108 96 86 75 31 14 16 14 14 20 60 141 82 40 108 85 78 89 90 75 54 48 72 34 74 67 98 83 83 85 67 15 39 87 67 80 57 39 6 13 10 12 9 11 8 10 9 19 77 77 41 40 41 36 37 38 37 40 36 33 20 24 31 50 46 36 42 41 39 41 37 39 34 22 20 60 126 107 113 115 114 113 113 115 113 114 113 113 113 117 116 116 116 114 111 113 113 117 117 119 117 110 112 117 111 114 110 117 123 124 121 119 118 119 118 121 118 121 119 118 117 119 115 116 112 115 115 116 112 113 112 114 112 112 111 109 110 116 118 112 68 26 29 28 27 29 28 30 28 30 28 29 28 29 22 26 24 

begin search read
25 78 88 123 119 128 125 107 80 65 79 78 84 82 85 86 88 86 76 32 29 52 77 70 80 79 81 82 86 90 81 30 4 15 15 22 23 21 25 21 20 15 20 29 87 102 80 102 68 10 20 15 21 47 102 72 90 84 26 20 16 19 33 96 100 87 102 51 13 16 12 9 12 11 14 11 13 11 13 14 22 53 117 78 101 90 26 18 14 15 23 37 110 102 104 92 37 15 15 9 15 45 23 7 28 101 42 7 13 19 22 10 33 58 110 104 81 118 109 107 109 105 107 107 76 3 17 12 14 13 15 12 14 13 16 13 14 13 14 16 36 36 18 12 15 14 14 40 142 118 130 123 125 118 110 83 42 108 7 52 99 90 94 62 15 23 18 27 28 34 45 51 64 95 106 91 75 60 62 98 96 81 67 45 42 53 38 84 87 65 49 57 32 13 12 19 33 15 17 13 15 15 52 77 68 53 39 32 58 78 64 101 88 83 51 67 89 96 41 114 91 86 93 95 89 84 67 25 29 83 63 100 103 95 84 63 23 12 18 12 16 23 77 144 44 71 98 86 80 90 93 69 50 54 65 38 74 78 95 84 83 82 60 8 61 84 67 77 53 27 6 11 11 10 12 10 10 9 11 26 95 54 49 32 40 37 38 40 40 38 39 30 21 23 33 47 48 36 41 40 40 38 41 37 33 20 22 59 127 104 115 112 115 112 114 115 114 113 113 112 115 114 117 117 117 113 112 111 114 115 119 118 118 107 112 116 113 111 110 115 123 121 122 118 119 116 119 119 119 118 119 119 120 116 117 115 115 114 117 114 115 112 114 112 113 111 111 109 112 115 120 115 78 25 26 25 28 28 30 28 29 28 28 14 

reading from sad array  0
331 387 293 453 403 386 448 532 445 364 392 372 385 371 367 369 

reading from sad array  1
411 411 299 327 240 130 248 343 352 302 288 271 269 267 247 254 

reading from sad array  2
356 422 420 381 227 61 168 167 149 137 126 130 134 132 93 117 

reading from sad array  3
483 481 442 288 180 27 116 80 100 91 101 111 115 102 182 226 

dispare:
2 5 5 5 


Disp row:  70
begin template read
43 155 99 85 61 79 78 78 83 83 85 86 83 73 36 31 56 72 72 77 81 76 79 82 86 82 28 5 13 13 20 22 21 23 27 19 18 17 23 58 114 79 96 90 25 15 19 19 32 90 85 82 89 52 10 20 18 22 72 111 80 98 81 9 13 9 12 12 12 11 12 10 13 11 13 17 33 99 100 93 103 51 13 17 14 19 27 79 118 96 99 49 9 18 10 10 22 30 8 15 49 32 10 10 32 38 36 77 121 88 91 115 109 109 111 106 106 105 65 1 19 12 14 14 14 14 14 13 15 14 14 12 14 17 39 34 14 14 15 15 14 51 153 115 125 114 119 112 109 75 57 114 0 47 97 95 97 90 73 15 24 17 25 29 33 41 51 59 79 110 92 83 66 52 84 99 86 75 58 38 60 30 72 89 72 25 11 15 22 39 30 15 13 12 18 62 85 79 80 73 61 45 34 43 73 67 83 95 86 60 57 81 130 28 110 89 94 87 96 92 88 75 46 17 66 78 72 109 97 88 77 37 12 15 16 14 18 48 129 93 26 109 86 82 88 86 79 57 44 73 37 69 64 103 83 83 79 69 23 31 87 65 80 60 47 7 12 11 11 10 11 8 10 10 18 62 73 38 42 39 39 40 39 37 40 36 33 21 25 33 53 50 35 42 41 38 41 40 39 35 24 22 56 126 107 113 115 114 114 115 118 114 116 114 116 117 119 119 119 115 113 109 111 112 117 119 117 110 109 119 119 111 113 113 119 122 122 119 117 117 118 118 120 120 120 120 120 119 120 117 118 116 118 117 115 112 114 114 114 111 114 112 113 112 118 118 110 63 17 23 29 40 48 51 61 58 50 53 68 66 43 20 24 23 

begin search read
15 74 89 132 125 132 128 112 81 66 80 78 82 82 85 85 90 85 78 41 30 53 77 73 81 82 81 81 87 88 86 35 3 15 14 20 22 21 26 26 20 16 20 24 68 110 77 98 82 17 18 14 21 35 99 80 87 84 40 14 19 18 28 84 108 80 104 65 11 18 10 9 13 12 12 10 12 11 12 11 15 29 88 95 97 98 37 14 17 14 22 30 98 107 100 94 47 10 16 8 12 24 22 5 23 84 69 3 16 57 81 16 26 78 112 105 78 120 110 110 112 107 109 107 78 6 16 12 15 13 14 14 15 13 14 15 14 15 15 17 38 35 21 11 15 17 14 38 146 120 126 115 120 116 110 84 47 122 7 49 90 97 93 62 18 22 19 25 29 32 46 51 62 91 107 92 78 61 62 94 97 82 72 50 42 54 36 82 91 66 46 23 14 14 23 39 29 14 16 11 18 57 84 74 72 54 40 32 54 79 67 94 89 82 55 61 95 116 26 120 90 88 92 95 91 84 69 31 25 79 68 86 107 95 85 69 25 11 16 11 17 20 66 141 59 54 101 86 79 87 85 75 52 50 70 36 75 73 100 84 83 77 64 11 56 83 66 78 56 32 9 11 12 11 13 9 10 9 12 22 78 59 46 35 42 39 39 40 40 38 40 31 21 23 38 54 49 34 41 39 40 38 40 37 35 21 22 54 129 104 115 112 116 112 118 116 117 113 115 114 118 118 120 117 116 112 111 108 114 115 119 115 111 107 120 117 114 113 115 119 124 121 120 117 116 116 119 121 120 118 120 118 120 118 119 116 118 117 118 114 114 114 116 114 114 111 113 113 114 117 119 111 72 15 23 25 42 48 56 64 62 51 54 32 

reading from sad array  0
352 373 290 446 406 386 458 549 456 376 405 384 398 386 378 373 

reading from sad array  1
437 412 302 326 244 130 255 356 366 313 304 282 280 282 261 255 

reading from sad array  2
368 416 422 386 230 63 178 176 159 144 136 134 142 145 109 102 

reading from sad array  3
485 491 455 299 184 31 119 82 103 89 101 109 118 108 179 204 

dispare:
2 5 5 5 


Disp row:  71
begin template read
43 159 104 85 60 78 77 79 81 83 84 86 88 78 40 30 58 77 73 77 79 75 80 81 83 81 30 4 13 11 19 24 22 24 37 22 18 16 23 45 109 85 90 97 37 11 19 17 25 78 90 78 86 70 9 22 16 21 58 112 80 95 87 14 9 11 13 11 13 11 12 11 10 10 12 11 16 31 50 51 45 27 14 14 14 18 25 45 80 67 65 39 21 14 18 11 16 22 10 12 19 19 18 10 37 87 37 50 87 84 92 111 112 109 107 107 107 103 66 1 19 10 15 14 14 13 14 13 16 13 15 13 15 17 41 36 13 15 15 16 14 51 150 118 125 115 117 113 111 75 61 129 0 47 98 96 97 91 73 19 23 18 24 27 32 42 52 57 76 110 93 86 68 55 80 95 85 79 64 44 57 32 68 79 31 13 15 28 44 28 19 17 20 21 51 78 66 67 67 65 60 49 41 44 64 61 68 82 71 59 53 83 139 27 101 95 97 87 93 98 87 76 52 17 58 85 62 107 99 90 77 50 11 17 14 15 16 41 136 121 14 105 85 83 90 82 80 62 41 71 41 65 63 102 86 85 77 72 31 25 88 62 79 62 49 10 12 10 11 10 11 9 10 9 18 53 66 42 42 39 40 39 42 38 40 39 33 21 25 38 59 47 34 42 41 38 41 40 39 36 23 21 57 127 107 113 115 115 114 114 119 115 115 114 116 117 120 118 119 115 113 110 112 112 116 114 114 115 118 120 123 119 121 119 123 123 122 119 120 118 120 119 122 119 122 120 120 117 119 110 108 107 116 116 114 112 115 111 104 97 105 108 113 113 117 118 111 60 15 23 29 47 60 68 78 68 56 72 94 79 45 18 24 24 

begin search read
34 71 88 131 127 135 131 113 80 65 78 76 84 83 85 87 89 88 83 44 30 55 81 73 81 81 80 81 88 85 85 31 2 13 12 19 22 20 26 34 20 17 20 23 54 111 82 94 91 25 17 16 21 31 88 82 83 84 57 10 22 18 25 71 113 75 102 74 13 19 11 11 14 13 12 12 13 10 12 9 12 13 23 31 47 59 20 11 14 12 16 24 50 62 71 63 38 25 31 9 19 16 21 12 17 44 45 7 15 56 100 39 23 61 75 93 84 116 111 110 110 107 110 106 78 5 17 11 15 13 14 12 15 13 15 14 14 12 13 16 38 36 18 12 17 15 14 40 147 121 127 117 118 115 110 80 51 139 6 46 92 95 94 60 18 23 19 26 30 32 45 50 63 89 108 93 80 63 59 88 96 83 75 58 47 55 35 77 93 55 21 11 15 27 43 26 18 12 17 24 55 70 72 67 65 54 49 42 55 66 64 76 74 64 52 57 93 111 26 108 87 88 89 93 93 84 71 36 20 74 73 75 110 93 88 70 38 10 18 13 15 18 63 151 76 40 101 87 83 89 82 77 53 46 71 36 73 68 106 83 81 76 69 14 48 86 63 79 58 37 7 12 11 10 12 10 10 9 12 21 67 56 47 37 41 37 40 40 41 40 39 32 22 25 43 59 49 34 42 40 40 40 40 38 35 21 21 58 130 105 116 113 117 113 117 115 117 114 116 114 119 119 120 116 116 112 111 109 113 114 115 114 116 114 121 121 121 118 121 119 122 121 121 118 118 121 120 120 119 120 122 120 119 116 111 106 107 113 117 113 114 112 113 101 99 104 111 112 114 118 120 112 67 17 22 29 48 55 68 76 72 54 70 45 

reading from sad array  0
371 351 288 431 403 380 466 554 464 381 409 389 408 392 383 373 

reading from sad array  1
450 393 310 336 251 127 261 361 372 316 308 287 287 288 272 248 

reading from sad array  2
351 374 406 381 231 59 181 180 164 144 137 139 146 154 124 88 

reading from sad array  3
447 479 454 304 184 32 121 87 107 88 104 113 127 121 187 188 

dispare:
2 5 5 5 


Disp row:  72
begin template read
43 159 102 85 60 79 78 78 80 82 84 87 90 79 41 32 59 81 70 73 78 75 79 82 83 80 29 4 14 11 17 23 23 24 51 28 17 16 24 35 103 95 88 99 52 11 23 16 25 64 95 73 88 76 10 24 16 21 46 111 86 91 97 20 8 12 14 11 15 10 12 10 12 10 11 11 13 12 18 15 15 14 12 11 13 15 16 19 20 15 17 15 14 9 12 9 14 19 14 10 13 10 13 14 30 59 26 64 103 87 94 115 112 108 108 107 106 104 64 1 19 12 16 13 14 13 15 13 14 13 16 11 15 19 42 33 14 14 16 15 14 54 156 117 128 118 114 108 109 71 47 90 13 44 101 94 95 90 72 20 25 19 24 28 31 42 52 59 73 109 95 88 69 55 76 95 85 81 67 52 57 35 53 24 16 15 31 42 21 22 49 61 81 101 114 99 126 76 140 104 128 127 149 92 109 124 77 120 108 101 89 87 73 53 76 63 73 76 94 98 88 78 55 19 48 86 60 107 101 92 80 55 12 16 15 14 17 40 127 138 9 101 86 88 87 82 82 66 39 71 46 60 65 102 88 86 77 73 38 20 89 62 77 63 50 11 13 11 12 9 11 9 10 9 16 58 74 36 43 40 39 38 40 38 40 38 33 21 25 42 63 47 34 42 42 39 42 38 39 35 23 19 59 126 107 115 116 118 115 116 117 116 116 114 116 118 119 119 118 114 114 110 114 112 113 114 119 115 123 118 123 120 123 122 122 121 123 121 123 121 122 121 121 120 123 119 121 118 115 110 113 108 108 107 112 111 107 100 107 109 108 107 114 114 121 119 109 56 13 23 32 48 60 69 75 62 54 75 89 72 39 20 26 28 

begin search read
36 65 83 121 123 131 131 114 81 66 80 78 84 82 84 84 90 90 85 45 32 58 85 71 78 79 81 81 88 86 84 31 3 13 13 16 24 20 30 54 23 18 17 22 44 108 88 92 97 35 15 17 19 25 79 86 82 86 66 7 22 18 22 62 113 80 97 87 18 16 11 12 13 12 14 11 12 11 12 10 11 9 12 11 18 17 14 11 14 11 13 14 18 20 21 15 13 12 15 9 12 10 14 18 14 14 13 9 12 47 103 38 22 64 93 98 82 119 113 111 109 110 111 107 75 1 17 12 16 14 15 14 14 14 16 13 16 13 15 17 40 34 16 12 16 14 15 43 151 123 128 118 117 110 109 81 45 96 19 42 95 94 92 62 17 23 21 26 30 33 47 55 61 88 108 94 83 65 61 85 95 80 78 61 52 55 35 79 77 19 15 17 33 39 23 17 13 27 59 65 96 111 109 102 121 75 151 91 140 144 141 90 118 119 72 135 102 113 80 91 52 79 62 65 74 77 73 40 19 66 76 69 113 97 91 75 46 5 20 11 16 20 56 138 92 30 106 88 85 90 81 79 56 42 76 35 73 66 107 83 82 76 72 19 43 85 62 81 58 41 7 11 12 10 11 8 10 8 11 20 75 60 46 37 43 39 40 39 40 39 38 32 22 27 45 62 47 36 40 40 40 38 40 39 36 21 23 59 128 105 115 113 118 116 116 115 118 114 115 115 119 118 121 117 115 113 111 112 113 110 112 120 117 123 120 123 122 121 121 121 122 122 122 120 122 120 121 119 120 119 121 118 119 114 109 112 113 106 105 108 112 103 103 107 112 108 107 113 115 119 122 111 68 16 21 28 49 57 67 70 65 52 71 43 

reading from sad array  0
395 325 276 395 387 365 440 534 445 360 390 374 391 374 366 348 

reading from sad array  1
431 356 299 327 257 128 240 337 346 292 284 269 268 270 260 221 

reading from sad array  2
304 305 359 357 228 62 171 170 150 132 127 132 138 154 125 83 

reading from sad array  3
365 425 423 294 182 31 118 86 102 87 102 114 134 131 203 197 

dispare:
2 5 5 5 


Disp row:  284
begin template read
25 14 11 15 13 13 14 13 13 13 13 14 14 13 12 13 15 18 20 21 22 21 24 22 25 25 26 27 29 34 41 38 38 34 34 30 30 27 27 26 29 29 36 36 45 46 51 52 56 44 19 22 36 40 18 17 19 17 18 14 14 17 17 19 32 54 94 114 113 112 113 113 116 111 113 113 111 111 112 109 111 110 111 111 110 111 113 110 111 112 114 110 114 110 111 110 112 111 112 111 112 110 112 110 111 130 184 170 173 170 173 174 173 172 171 172 175 174 176 173 180 191 193 191 189 157 103 128 179 188 157 168 201 192 175 166 198 178 156 181 175 163 173 183 183 188 199 207 203 189 196 185 153 148 199 164 104 188 175 108 145 175 175 178 175 149 107 110 128 194 170 174 177 173 152 96 113 106 109 107 108 107 107 107 109 106 107 107 105 106 105 100 101 100 102 102 100 96 99 98 100 98 59 33 43 25 22 25 25 25 30 44 62 60 60 60 60 58 59 59 48 16 14 14 14 12 11 13 26 51 80 57 42 34 35 34 35 34 35 33 34 33 34 32 34 33 35 33 36 33 37 34 34 38 57 76 87 88 91 88 87 86 88 77 62 52 43 37 34 32 30 28 31 28 30 29 28 25 19 11 11 8 10 9 9 9 9 8 10 17 38 54 64 73 72 71 71 67 71 68 68 69 70 70 71 69 69 69 71 72 71 66 57 11 38 63 52 45 50 67 75 71 71 72 75 72 77 78 78 76 80 76 77 78 81 79 78 77 78 76 78 76 71 48 46 47 48 46 48 47 47 46 48 46 47 47 47 44 47 47 49 46 50 56 65 67 70 70 71 69 71 67 70 69 69 67 67 67 67 64 65 61 63 30 

begin search read
24 15 11 12 12 11 13 12 12 13 12 11 14 14 14 12 16 12 13 12 14 14 18 19 22 20 22 22 24 24 26 27 29 29 37 41 43 40 39 34 34 30 30 27 29 30 34 35 39 42 46 48 55 56 44 16 23 43 37 16 17 18 16 18 19 14 16 18 22 37 54 49 51 50 51 49 51 72 116 109 114 112 112 115 114 111 113 110 112 110 111 111 113 111 111 108 112 112 113 110 112 111 113 112 113 109 112 111 115 111 111 109 111 111 111 109 121 172 178 171 170 172 173 173 175 171 171 172 175 175 176 178 191 192 193 189 169 98 114 156 201 156 166 193 199 175 163 195 187 159 173 185 155 171 179 190 184 199 204 206 192 193 189 156 154 185 182 107 170 197 109 134 171 177 176 176 160 102 117 104 198 167 178 175 175 159 98 111 107 107 107 106 108 104 108 108 108 104 108 105 106 105 102 99 101 101 104 98 98 100 99 98 97 64 32 43 53 63 64 61 64 61 62 60 58 40 13 14 15 12 12 11 15 33 61 78 52 39 37 36 36 34 35 33 34 33 35 33 35 32 34 33 35 33 34 34 34 32 42 62 82 89 89 90 89 86 87 83 77 58 50 41 37 33 32 31 31 29 30 31 29 27 24 16 12 10 9 8 11 8 9 8 9 8 11 12 22 41 57 65 75 69 71 70 70 70 71 68 71 68 73 69 70 69 69 71 71 69 69 55 15 15 48 63 51 45 49 65 75 71 70 70 74 73 77 79 78 76 79 76 78 77 79 79 78 76 79 76 77 76 72 53 47 46 50 47 47 45 48 47 48 45 48 46 49 47 49 46 53 59 66 65 67 67 69 67 66 65 68 65 67 64 65 31 

reading from sad array  0
9 56 62 54 63 60 56 59 56 52 64 58 52 48 62 58 

reading from sad array  1
10 22 18 11 20 14 13 16 16 10 20 10 18 6 22 14 

reading from sad array  2
11 17 14 7 13 10 9 15 17 7 15 13 21 7 17 15 

reading from sad array  3
15 14 13 9 8 7 9 11 13 7 9 9 15 5 9 11 

dispare:
0 13 3 13 


Disp row:  285
begin template read
28 14 11 13 13 14 14 13 13 14 13 13 16 13 15 14 16 18 21 21 22 21 25 24 25 28 30 32 35 42 54 55 52 47 47 46 43 39 39 39 44 57 71 45 63 55 30 48 54 43 19 20 52 35 13 17 19 17 19 14 15 17 19 19 27 55 97 113 115 114 116 112 114 112 114 111 109 110 111 109 111 112 115 112 114 114 114 111 111 108 109 109 113 110 112 113 115 114 111 110 112 110 111 110 113 133 185 167 174 170 173 173 173 174 176 171 173 171 174 174 183 189 192 191 193 179 124 118 163 202 147 176 201 188 165 164 199 175 186 190 183 157 170 191 180 192 199 210 200 191 198 160 85 156 191 114 111 188 171 92 111 179 177 176 176 139 91 118 126 193 167 179 173 174 150 96 114 104 108 107 109 106 108 109 107 106 108 107 105 105 105 100 99 99 100 99 98 98 98 97 101 97 58 33 41 32 37 37 38 38 45 72 99 99 100 99 101 99 98 95 84 22 14 16 17 10 11 12 26 54 81 57 43 35 35 35 34 33 33 32 34 32 34 33 33 32 32 32 34 33 35 33 33 37 57 77 90 90 93 88 86 85 87 81 72 62 54 44 39 32 32 29 32 28 30 29 29 23 18 11 12 8 10 8 10 8 10 8 11 17 42 55 66 73 72 71 69 69 73 68 69 69 70 70 72 69 71 69 71 71 70 64 56 12 45 64 53 45 51 66 74 72 73 72 73 71 78 78 78 79 78 76 78 79 80 79 78 79 78 76 77 75 70 47 45 45 46 45 46 45 48 47 49 45 47 45 47 46 46 47 47 46 53 61 75 80 83 84 85 83 85 83 83 82 84 81 81 80 80 77 77 76 75 36 

begin search read
28 14 9 12 12 12 13 12 13 13 13 12 15 13 13 11 14 13 15 12 13 14 18 19 23 22 22 22 25 25 31 31 33 34 45 57 57 54 53 49 49 47 44 44 46 55 82 93 49 78 62 20 47 52 42 19 23 46 29 13 15 17 17 18 19 14 16 16 18 35 54 48 50 49 49 49 50 73 116 111 116 117 113 113 114 114 113 111 111 110 111 110 112 113 115 112 115 114 114 112 111 109 111 111 112 111 115 112 115 112 113 110 111 108 111 112 123 174 175 170 173 173 176 174 176 174 174 172 172 171 176 179 189 191 194 192 190 146 119 154 199 150 171 191 198 174 159 198 181 187 192 188 160 166 188 181 189 196 207 200 193 196 184 87 125 190 137 93 170 191 97 96 165 184 174 178 157 80 121 118 186 173 179 172 177 160 99 111 104 107 106 105 106 105 111 107 107 106 107 106 106 104 100 99 100 100 100 98 99 96 99 99 101 68 32 45 71 101 100 99 99 98 97 95 96 70 12 17 17 16 11 10 16 32 64 81 52 40 36 35 38 35 35 32 34 32 34 32 36 31 34 32 32 32 34 33 35 32 41 61 81 89 91 88 87 83 87 86 81 71 63 50 43 36 33 31 33 29 30 28 29 28 24 15 12 11 10 9 10 9 10 8 10 8 13 11 23 43 57 68 73 69 72 68 72 70 70 66 72 70 71 70 70 68 72 71 74 69 68 54 17 16 48 63 54 46 47 65 74 73 70 70 73 72 77 78 77 75 77 77 79 78 80 79 77 80 79 76 76 76 71 52 46 46 48 46 47 46 48 46 47 47 46 46 47 46 46 47 54 67 77 79 82 81 82 81 80 81 80 78 79 77 77 38 

reading from sad array  0
10 53 59 52 57 56 53 53 54 51 60 57 48 47 57 56 

reading from sad array  1
8 16 13 8 13 10 10 9 12 11 18 11 14 6 15 13 

reading from sad array  2
9 12 11 6 9 9 8 9 14 9 16 11 13 6 12 15 

reading from sad array  3
11 10 9 6 6 5 6 9 10 7 8 6 9 5 6 10 

dispare:
0 13 3 5 


