Template

0
0 1 2 3 4 5 6 7 8 
25 26 27 28 29 30 31 32 33 
50 51 52 53 54 55 56 57 58 
75 76 77 78 79 80 81 82 83 
100 101 102 103 104 105 106 107 108 
125 126 127 128 129 130 131 132 133 
150 151 152 153 154 155 156 157 158 
175 176 177 178 179 180 181 182 183 
200 201 202 203 204 205 206 207 208 

1
0 1 2 3 4 5 6 7 8 
25 26 27 28 29 30 31 32 33 
50 51 52 53 54 55 56 57 58 
75 76 77 78 79 80 81 82 83 
100 101 102 103 104 105 106 107 108 
125 126 127 128 129 130 131 132 133 
150 151 152 153 154 155 156 157 158 
175 176 177 178 179 180 181 182 183 
200 201 202 203 204 205 206 207 208 

2
0 1 2 3 4 5 6 7 8 
25 26 27 28 29 30 31 32 33 
50 51 52 53 54 55 56 57 58 
75 76 77 78 79 80 81 82 83 
100 101 102 103 104 105 106 107 108 
125 126 127 128 129 130 131 132 133 
150 151 152 153 154 155 156 157 158 
175 176 177 178 179 180 181 182 183 
200 201 202 203 204 205 206 207 208 

3
0 1 2 3 4 5 6 7 8 
25 26 27 28 29 30 31 32 33 
50 51 52 53 54 55 56 57 58 
75 76 77 78 79 80 81 82 83 
100 101 102 103 104 105 106 107 108 
125 126 127 128 129 130 131 132 133 
150 151 152 153 154 155 156 157 158 
175 176 177 178 179 180 181 182 183 
200 201 202 203 204 205 206 207 208 

4
0 1 2 3 4 5 6 7 8 
25 26 27 28 29 30 31 32 33 
50 51 52 53 54 55 56 57 58 
75 76 77 78 79 80 81 82 83 
100 101 102 103 104 105 106 107 108 
125 126 127 128 129 130 131 132 133 
150 151 152 153 154 155 156 157 158 
175 176 177 178 179 180 181 182 183 
200 201 202 203 204 205 206 207 208 

5
0 1 2 3 4 5 6 7 8 
25 26 27 28 29 30 31 32 33 
50 51 52 53 54 55 56 57 58 
75 76 77 78 79 80 81 82 83 
100 101 102 103 104 105 106 107 108 
125 126 127 128 129 130 131 132 133 
150 151 152 153 154 155 156 157 158 
175 176 177 178 179 180 181 182 183 
200 201 202 203 204 205 206 207 208 

6
0 1 2 3 4 5 6 7 8 
25 26 27 28 29 30 31 32 33 
50 51 52 53 54 55 56 57 58 
75 76 77 78 79 80 81 82 83 
100 101 102 103 104 105 106 107 108 
125 126 127 128 129 130 131 132 133 
150 151 152 153 154 155 156 157 158 
175 176 177 178 179 180 181 182 183 
200 201 202 203 204 205 206 207 208 

7
0 1 2 3 4 5 6 7 8 
25 26 27 28 29 30 31 32 33 
50 51 52 53 54 55 56 57 58 
75 76 77 78 79 80 81 82 83 
100 101 102 103 104 105 106 107 108 
125 126 127 128 129 130 131 132 133 
150 151 152 153 154 155 156 157 158 
175 176 177 178 179 180 181 182 183 
200 201 202 203 204 205 206 207 208 

8
0 1 2 3 4 5 6 7 8 
25 26 27 28 29 30 31 32 33 
50 51 52 53 54 55 56 57 58 
75 76 77 78 79 80 81 82 83 
100 101 102 103 104 105 106 107 108 
125 126 127 128 129 130 131 132 133 
150 151 152 153 154 155 156 157 158 
175 176 177 178 179 180 181 182 183 
200 201 202 203 204 205 206 207 208 

9
0 1 2 3 4 5 6 7 8 
25 26 27 28 29 30 31 32 33 
50 51 52 53 54 55 56 57 58 
75 76 77 78 79 80 81 82 83 
100 101 102 103 104 105 106 107 108 
125 126 127 128 129 130 131 132 133 
150 151 152 153 154 155 156 157 158 
175 176 177 178 179 180 181 182 183 
200 201 202 203 204 205 206 207 208 

10
0 1 2 3 4 5 6 7 8 
25 26 27 28 29 30 31 32 33 
50 51 52 53 54 55 56 57 58 
75 76 77 78 79 80 81 82 83 
100 101 102 103 104 105 106 107 108 
125 126 127 128 129 130 131 132 133 
150 151 152 153 154 155 156 157 158 
175 176 177 178 179 180 181 182 183 
200 201 202 203 204 205 206 207 208 

11
0 1 2 3 4 5 6 7 8 
25 26 27 28 29 30 31 32 33 
50 51 52 53 54 55 56 57 58 
75 76 77 78 79 80 81 82 83 
100 101 102 103 104 105 106 107 108 
125 126 127 128 129 130 131 132 133 
150 151 152 153 154 155 156 157 158 
175 176 177 178 179 180 181 182 183 
200 201 202 203 204 205 206 207 208 

12
0 1 2 3 4 5 6 7 8 
25 26 27 28 29 30 31 32 33 
50 51 52 53 54 55 56 57 58 
75 76 77 78 79 80 81 82 83 
100 101 102 103 104 105 106 107 108 
125 126 127 128 129 130 131 132 133 
150 151 152 153 154 155 156 157 158 
175 176 177 178 179 180 181 182 183 
200 201 202 203 204 205 206 207 208 

13
0 1 2 3 4 5 6 7 8 
25 26 27 28 29 30 31 32 33 
50 51 52 53 54 55 56 57 58 
75 76 77 78 79 80 81 82 83 
100 101 102 103 104 105 106 107 108 
125 126 127 128 129 130 131 132 133 
150 151 152 153 154 155 156 157 158 
175 176 177 178 179 180 181 182 183 
200 201 202 203 204 205 206 207 208 

14
0 1 2 3 4 5 6 7 8 
25 26 27 28 29 30 31 32 33 
50 51 52 53 54 55 56 57 58 
75 76 77 78 79 80 81 82 83 
100 101 102 103 104 105 106 107 108 
125 126 127 128 129 130 131 132 133 
150 151 152 153 154 155 156 157 158 
175 176 177 178 179 180 181 182 183 
200 201 202 203 204 205 206 207 208 

15
0 1 2 3 4 5 6 7 8 
25 26 27 28 29 30 31 32 33 
50 51 52 53 54 55 56 57 58 
75 76 77 78 79 80 81 82 83 
100 101 102 103 104 105 106 107 108 
125 126 127 128 129 130 131 132 133 
150 151 152 153 154 155 156 157 158 
175 176 177 178 179 180 181 182 183 
200 201 202 203 204 205 206 207 208 



0
1 2 3 4 5 6 7 8 9 
26 27 28 29 30 31 32 33 34 
51 52 53 54 55 56 57 58 59 
76 77 78 79 80 81 82 83 84 
101 102 103 104 105 106 107 108 109 
126 127 128 129 130 131 132 133 134 
151 152 153 154 155 156 157 158 159 
176 177 178 179 180 181 182 183 184 
201 202 203 204 205 206 207 208 209 

1
1 2 3 4 5 6 7 8 9 
26 27 28 29 30 31 32 33 34 
51 52 53 54 55 56 57 58 59 
76 77 78 79 80 81 82 83 84 
101 102 103 104 105 106 107 108 109 
126 127 128 129 130 131 132 133 134 
151 152 153 154 155 156 157 158 159 
176 177 178 179 180 181 182 183 184 
201 202 203 204 205 206 207 208 209 

2
1 2 3 4 5 6 7 8 9 
26 27 28 29 30 31 32 33 34 
51 52 53 54 55 56 57 58 59 
76 77 78 79 80 81 82 83 84 
101 102 103 104 105 106 107 108 109 
126 127 128 129 130 131 132 133 134 
151 152 153 154 155 156 157 158 159 
176 177 178 179 180 181 182 183 184 
201 202 203 204 205 206 207 208 209 

3
1 2 3 4 5 6 7 8 9 
26 27 28 29 30 31 32 33 34 
51 52 53 54 55 56 57 58 59 
76 77 78 79 80 81 82 83 84 
101 102 103 104 105 106 107 108 109 
126 127 128 129 130 131 132 133 134 
151 152 153 154 155 156 157 158 159 
176 177 178 179 180 181 182 183 184 
201 202 203 204 205 206 207 208 209 

4
1 2 3 4 5 6 7 8 9 
26 27 28 29 30 31 32 33 34 
51 52 53 54 55 56 57 58 59 
76 77 78 79 80 81 82 83 84 
101 102 103 104 105 106 107 108 109 
126 127 128 129 130 131 132 133 134 
151 152 153 154 155 156 157 158 159 
176 177 178 179 180 181 182 183 184 
201 202 203 204 205 206 207 208 209 

5
1 2 3 4 5 6 7 8 9 
26 27 28 29 30 31 32 33 34 
51 52 53 54 55 56 57 58 59 
76 77 78 79 80 81 82 83 84 
101 102 103 104 105 106 107 108 109 
126 127 128 129 130 131 132 133 134 
151 152 153 154 155 156 157 158 159 
176 177 178 179 180 181 182 183 184 
201 202 203 204 205 206 207 208 209 

6
1 2 3 4 5 6 7 8 9 
26 27 28 29 30 31 32 33 34 
51 52 53 54 55 56 57 58 59 
76 77 78 79 80 81 82 83 84 
101 102 103 104 105 106 107 108 109 
126 127 128 129 130 131 132 133 134 
151 152 153 154 155 156 157 158 159 
176 177 178 179 180 181 182 183 184 
201 202 203 204 205 206 207 208 209 

7
1 2 3 4 5 6 7 8 9 
26 27 28 29 30 31 32 33 34 
51 52 53 54 55 56 57 58 59 
76 77 78 79 80 81 82 83 84 
101 102 103 104 105 106 107 108 109 
126 127 128 129 130 131 132 133 134 
151 152 153 154 155 156 157 158 159 
176 177 178 179 180 181 182 183 184 
201 202 203 204 205 206 207 208 209 

8
1 2 3 4 5 6 7 8 9 
26 27 28 29 30 31 32 33 34 
51 52 53 54 55 56 57 58 59 
76 77 78 79 80 81 82 83 84 
101 102 103 104 105 106 107 108 109 
126 127 128 129 130 131 132 133 134 
151 152 153 154 155 156 157 158 159 
176 177 178 179 180 181 182 183 184 
201 202 203 204 205 206 207 208 209 

9
1 2 3 4 5 6 7 8 9 
26 27 28 29 30 31 32 33 34 
51 52 53 54 55 56 57 58 59 
76 77 78 79 80 81 82 83 84 
101 102 103 104 105 106 107 108 109 
126 127 128 129 130 131 132 133 134 
151 152 153 154 155 156 157 158 159 
176 177 178 179 180 181 182 183 184 
201 202 203 204 205 206 207 208 209 

10
1 2 3 4 5 6 7 8 9 
26 27 28 29 30 31 32 33 34 
51 52 53 54 55 56 57 58 59 
76 77 78 79 80 81 82 83 84 
101 102 103 104 105 106 107 108 109 
126 127 128 129 130 131 132 133 134 
151 152 153 154 155 156 157 158 159 
176 177 178 179 180 181 182 183 184 
201 202 203 204 205 206 207 208 209 

11
1 2 3 4 5 6 7 8 9 
26 27 28 29 30 31 32 33 34 
51 52 53 54 55 56 57 58 59 
76 77 78 79 80 81 82 83 84 
101 102 103 104 105 106 107 108 109 
126 127 128 129 130 131 132 133 134 
151 152 153 154 155 156 157 158 159 
176 177 178 179 180 181 182 183 184 
201 202 203 204 205 206 207 208 209 

12
1 2 3 4 5 6 7 8 9 
26 27 28 29 30 31 32 33 34 
51 52 53 54 55 56 57 58 59 
76 77 78 79 80 81 82 83 84 
101 102 103 104 105 106 107 108 109 
126 127 128 129 130 131 132 133 134 
151 152 153 154 155 156 157 158 159 
176 177 178 179 180 181 182 183 184 
201 202 203 204 205 206 207 208 209 

13
1 2 3 4 5 6 7 8 9 
26 27 28 29 30 31 32 33 34 
51 52 53 54 55 56 57 58 59 
76 77 78 79 80 81 82 83 84 
101 102 103 104 105 106 107 108 109 
126 127 128 129 130 131 132 133 134 
151 152 153 154 155 156 157 158 159 
176 177 178 179 180 181 182 183 184 
201 202 203 204 205 206 207 208 209 

14
1 2 3 4 5 6 7 8 9 
26 27 28 29 30 31 32 33 34 
51 52 53 54 55 56 57 58 59 
76 77 78 79 80 81 82 83 84 
101 102 103 104 105 106 107 108 109 
126 127 128 129 130 131 132 133 134 
151 152 153 154 155 156 157 158 159 
176 177 178 179 180 181 182 183 184 
201 202 203 204 205 206 207 208 209 

15
1 2 3 4 5 6 7 8 9 
26 27 28 29 30 31 32 33 34 
51 52 53 54 55 56 57 58 59 
76 77 78 79 80 81 82 83 84 
101 102 103 104 105 106 107 108 109 
126 127 128 129 130 131 132 133 134 
151 152 153 154 155 156 157 158 159 
176 177 178 179 180 181 182 183 184 
201 202 203 204 205 206 207 208 209 




Search

0
0 1 2 3 4 5 6 7 8 
25 26 27 28 29 30 31 32 33 
50 51 52 53 54 55 56 57 58 
75 76 77 78 79 80 81 82 83 
100 101 102 103 104 105 106 107 108 
125 126 127 128 129 130 131 132 133 
150 151 152 153 154 155 156 157 158 
175 176 177 178 179 180 181 182 183 
200 201 202 203 204 205 206 207 208 

1
1 2 3 4 5 6 7 8 9 
26 27 28 29 30 31 32 33 34 
51 52 53 54 55 56 57 58 59 
76 77 78 79 80 81 82 83 84 
101 102 103 104 105 106 107 108 109 
126 127 128 129 130 131 132 133 134 
151 152 153 154 155 156 157 158 159 
176 177 178 179 180 181 182 183 184 
201 202 203 204 205 206 207 208 209 

2
2 3 4 5 6 7 8 9 10 
27 28 29 30 31 32 33 34 35 
52 53 54 55 56 57 58 59 60 
77 78 79 80 81 82 83 84 85 
102 103 104 105 106 107 108 109 110 
127 128 129 130 131 132 133 134 135 
152 153 154 155 156 157 158 159 160 
177 178 179 180 181 182 183 184 185 
202 203 204 205 206 207 208 209 210 

3
3 4 5 6 7 8 9 10 11 
28 29 30 31 32 33 34 35 36 
53 54 55 56 57 58 59 60 61 
78 79 80 81 82 83 84 85 86 
103 104 105 106 107 108 109 110 111 
128 129 130 131 132 133 134 135 136 
153 154 155 156 157 158 159 160 161 
178 179 180 181 182 183 184 185 186 
203 204 205 206 207 208 209 210 211 

4
4 5 6 7 8 9 10 11 12 
29 30 31 32 33 34 35 36 37 
54 55 56 57 58 59 60 61 62 
79 80 81 82 83 84 85 86 87 
104 105 106 107 108 109 110 111 112 
129 130 131 132 133 134 135 136 137 
154 155 156 157 158 159 160 161 162 
179 180 181 182 183 184 185 186 187 
204 205 206 207 208 209 210 211 212 

5
5 6 7 8 9 10 11 12 13 
30 31 32 33 34 35 36 37 38 
55 56 57 58 59 60 61 62 63 
80 81 82 83 84 85 86 87 88 
105 106 107 108 109 110 111 112 113 
130 131 132 133 134 135 136 137 138 
155 156 157 158 159 160 161 162 163 
180 181 182 183 184 185 186 187 188 
205 206 207 208 209 210 211 212 213 

6
6 7 8 9 10 11 12 13 14 
31 32 33 34 35 36 37 38 39 
56 57 58 59 60 61 62 63 64 
81 82 83 84 85 86 87 88 89 
106 107 108 109 110 111 112 113 114 
131 132 133 134 135 136 137 138 139 
156 157 158 159 160 161 162 163 164 
181 182 183 184 185 186 187 188 189 
206 207 208 209 210 211 212 213 214 

7
7 8 9 10 11 12 13 14 15 
32 33 34 35 36 37 38 39 40 
57 58 59 60 61 62 63 64 65 
82 83 84 85 86 87 88 89 90 
107 108 109 110 111 112 113 114 115 
132 133 134 135 136 137 138 139 140 
157 158 159 160 161 162 163 164 165 
182 183 184 185 186 187 188 189 190 
207 208 209 210 211 212 213 214 215 

8
8 9 10 11 12 13 14 15 16 
33 34 35 36 37 38 39 40 41 
58 59 60 61 62 63 64 65 66 
83 84 85 86 87 88 89 90 91 
108 109 110 111 112 113 114 115 116 
133 134 135 136 137 138 139 140 141 
158 159 160 161 162 163 164 165 166 
183 184 185 186 187 188 189 190 191 
208 209 210 211 212 213 214 215 216 

9
9 10 11 12 13 14 15 16 17 
34 35 36 37 38 39 40 41 42 
59 60 61 62 63 64 65 66 67 
84 85 86 87 88 89 90 91 92 
109 110 111 112 113 114 115 116 117 
134 135 136 137 138 139 140 141 142 
159 160 161 162 163 164 165 166 167 
184 185 186 187 188 189 190 191 192 
209 210 211 212 213 214 215 216 217 

10
10 11 12 13 14 15 16 17 18 
35 36 37 38 39 40 41 42 43 
60 61 62 63 64 65 66 67 68 
85 86 87 88 89 90 91 92 93 
110 111 112 113 114 115 116 117 118 
135 136 137 138 139 140 141 142 143 
160 161 162 163 164 165 166 167 168 
185 186 187 188 189 190 191 192 193 
210 211 212 213 214 215 216 217 218 

11
11 12 13 14 15 16 17 18 19 
36 37 38 39 40 41 42 43 44 
61 62 63 64 65 66 67 68 69 
86 87 88 89 90 91 92 93 94 
111 112 113 114 115 116 117 118 119 
136 137 138 139 140 141 142 143 144 
161 162 163 164 165 166 167 168 169 
186 187 188 189 190 191 192 193 194 
211 212 213 214 215 216 217 218 219 

12
12 13 14 15 16 17 18 19 20 
37 38 39 40 41 42 43 44 45 
62 63 64 65 66 67 68 69 70 
87 88 89 90 91 92 93 94 95 
112 113 114 115 116 117 118 119 120 
137 138 139 140 141 142 143 144 145 
162 163 164 165 166 167 168 169 170 
187 188 189 190 191 192 193 194 195 
212 213 214 215 216 217 218 219 220 

13
13 14 15 16 17 18 19 20 21 
38 39 40 41 42 43 44 45 46 
63 64 65 66 67 68 69 70 71 
88 89 90 91 92 93 94 95 96 
113 114 115 116 117 118 119 120 121 
138 139 140 141 142 143 144 145 146 
163 164 165 166 167 168 169 170 171 
188 189 190 191 192 193 194 195 196 
213 214 215 216 217 218 219 220 221 

14
14 15 16 17 18 19 20 21 22 
39 40 41 42 43 44 45 46 47 
64 65 66 67 68 69 70 71 72 
89 90 91 92 93 94 95 96 97 
114 115 116 117 118 119 120 121 122 
139 140 141 142 143 144 145 146 147 
164 165 166 167 168 169 170 171 172 
189 190 191 192 193 194 195 196 197 
214 215 216 217 218 219 220 221 222 

15
15 16 17 18 19 20 21 22 23 
40 41 42 43 44 45 46 47 48 
65 66 67 68 69 70 71 72 73 
90 91 92 93 94 95 96 97 98 
115 116 117 118 119 120 121 122 123 
140 141 142 143 144 145 146 147 148 
165 166 167 168 169 170 171 172 173 
190 191 192 193 194 195 196 197 198 
215 216 217 218 219 220 221 222 223 



0
1 2 3 4 5 6 7 8 9 
26 27 28 29 30 31 32 33 34 
51 52 53 54 55 56 57 58 59 
76 77 78 79 80 81 82 83 84 
101 102 103 104 105 106 107 108 109 
126 127 128 129 130 131 132 133 134 
151 152 153 154 155 156 157 158 159 
176 177 178 179 180 181 182 183 184 
201 202 203 204 205 206 207 208 209 

1
2 3 4 5 6 7 8 9 10 
27 28 29 30 31 32 33 34 35 
52 53 54 55 56 57 58 59 60 
77 78 79 80 81 82 83 84 85 
102 103 104 105 106 107 108 109 110 
127 128 129 130 131 132 133 134 135 
152 153 154 155 156 157 158 159 160 
177 178 179 180 181 182 183 184 185 
202 203 204 205 206 207 208 209 210 

2
3 4 5 6 7 8 9 10 11 
28 29 30 31 32 33 34 35 36 
53 54 55 56 57 58 59 60 61 
78 79 80 81 82 83 84 85 86 
103 104 105 106 107 108 109 110 111 
128 129 130 131 132 133 134 135 136 
153 154 155 156 157 158 159 160 161 
178 179 180 181 182 183 184 185 186 
203 204 205 206 207 208 209 210 211 

3
4 5 6 7 8 9 10 11 12 
29 30 31 32 33 34 35 36 37 
54 55 56 57 58 59 60 61 62 
79 80 81 82 83 84 85 86 87 
104 105 106 107 108 109 110 111 112 
129 130 131 132 133 134 135 136 137 
154 155 156 157 158 159 160 161 162 
179 180 181 182 183 184 185 186 187 
204 205 206 207 208 209 210 211 212 

4
5 6 7 8 9 10 11 12 13 
30 31 32 33 34 35 36 37 38 
55 56 57 58 59 60 61 62 63 
80 81 82 83 84 85 86 87 88 
105 106 107 108 109 110 111 112 113 
130 131 132 133 134 135 136 137 138 
155 156 157 158 159 160 161 162 163 
180 181 182 183 184 185 186 187 188 
205 206 207 208 209 210 211 212 213 

5
6 7 8 9 10 11 12 13 14 
31 32 33 34 35 36 37 38 39 
56 57 58 59 60 61 62 63 64 
81 82 83 84 85 86 87 88 89 
106 107 108 109 110 111 112 113 114 
131 132 133 134 135 136 137 138 139 
156 157 158 159 160 161 162 163 164 
181 182 183 184 185 186 187 188 189 
206 207 208 209 210 211 212 213 214 

6
7 8 9 10 11 12 13 14 15 
32 33 34 35 36 37 38 39 40 
57 58 59 60 61 62 63 64 65 
82 83 84 85 86 87 88 89 90 
107 108 109 110 111 112 113 114 115 
132 133 134 135 136 137 138 139 140 
157 158 159 160 161 162 163 164 165 
182 183 184 185 186 187 188 189 190 
207 208 209 210 211 212 213 214 215 

7
8 9 10 11 12 13 14 15 16 
33 34 35 36 37 38 39 40 41 
58 59 60 61 62 63 64 65 66 
83 84 85 86 87 88 89 90 91 
108 109 110 111 112 113 114 115 116 
133 134 135 136 137 138 139 140 141 
158 159 160 161 162 163 164 165 166 
183 184 185 186 187 188 189 190 191 
208 209 210 211 212 213 214 215 216 

8
9 10 11 12 13 14 15 16 17 
34 35 36 37 38 39 40 41 42 
59 60 61 62 63 64 65 66 67 
84 85 86 87 88 89 90 91 92 
109 110 111 112 113 114 115 116 117 
134 135 136 137 138 139 140 141 142 
159 160 161 162 163 164 165 166 167 
184 185 186 187 188 189 190 191 192 
209 210 211 212 213 214 215 216 217 

9
10 11 12 13 14 15 16 17 18 
35 36 37 38 39 40 41 42 43 
60 61 62 63 64 65 66 67 68 
85 86 87 88 89 90 91 92 93 
110 111 112 113 114 115 116 117 118 
135 136 137 138 139 140 141 142 143 
160 161 162 163 164 165 166 167 168 
185 186 187 188 189 190 191 192 193 
210 211 212 213 214 215 216 217 218 

10
11 12 13 14 15 16 17 18 19 
36 37 38 39 40 41 42 43 44 
61 62 63 64 65 66 67 68 69 
86 87 88 89 90 91 92 93 94 
111 112 113 114 115 116 117 118 119 
136 137 138 139 140 141 142 143 144 
161 162 163 164 165 166 167 168 169 
186 187 188 189 190 191 192 193 194 
211 212 213 214 215 216 217 218 219 

11
12 13 14 15 16 17 18 19 20 
37 38 39 40 41 42 43 44 45 
62 63 64 65 66 67 68 69 70 
87 88 89 90 91 92 93 94 95 
112 113 114 115 116 117 118 119 120 
137 138 139 140 141 142 143 144 145 
162 163 164 165 166 167 168 169 170 
187 188 189 190 191 192 193 194 195 
212 213 214 215 216 217 218 219 220 

12
13 14 15 16 17 18 19 20 21 
38 39 40 41 42 43 44 45 46 
63 64 65 66 67 68 69 70 71 
88 89 90 91 92 93 94 95 96 
113 114 115 116 117 118 119 120 121 
138 139 140 141 142 143 144 145 146 
163 164 165 166 167 168 169 170 171 
188 189 190 191 192 193 194 195 196 
213 214 215 216 217 218 219 220 221 

13
14 15 16 17 18 19 20 21 22 
39 40 41 42 43 44 45 46 47 
64 65 66 67 68 69 70 71 72 
89 90 91 92 93 94 95 96 97 
114 115 116 117 118 119 120 121 122 
139 140 141 142 143 144 145 146 147 
164 165 166 167 168 169 170 171 172 
189 190 191 192 193 194 195 196 197 
214 215 216 217 218 219 220 221 222 

14
15 16 17 18 19 20 21 22 23 
40 41 42 43 44 45 46 47 48 
65 66 67 68 69 70 71 72 73 
90 91 92 93 94 95 96 97 98 
115 116 117 118 119 120 121 122 123 
140 141 142 143 144 145 146 147 148 
165 166 167 168 169 170 171 172 173 
190 191 192 193 194 195 196 197 198 
215 216 217 218 219 220 221 222 223 

15
16 17 18 19 20 21 22 23 24 
41 42 43 44 45 46 47 48 49 
66 67 68 69 70 71 72 73 74 
91 92 93 94 95 96 97 98 99 
116 117 118 119 120 121 122 123 124 
141 142 143 144 145 146 147 148 149 
166 167 168 169 170 171 172 173 174 
191 192 193 194 195 196 197 198 199 
216 217 218 219 220 221 222 223 224 



